113476 116319 6
113476 129020 6
113476 129011 6
113107 116882 4
116319 117943 4
116319 117536 4
116319 116653 4
116319 116572 4
116319 117366 4
116319 117901 4
116319 116343 4
116319 117889 4
116319 116416 4
116319 116378 4
116319 116432 4
116572 117927 4
116343 117951 4
116882 117951 6
117889 116441 4
117889 117897 4
129020 116394 2
129011 116394 4
116394 116432 4
116394 117935 4
117935 117960 4
117897 117935 4
116432 117951 4
113034 117536 6
113034 113042 6
113034 115045 6
113042 113417 6
115045 117943 4
113468 0 0
116726 0 0
113450 0 0
113093 0 0
117919 0 0
116297 0 0
